15
106
0 1 10
0 2 3
0 3 4
0 4 5 
0 5 6 
0 6 9
0 7 34
0 8 9
0 9 56
0 10 11
0 11 32
0 12 9
0 13 5 
0 14 8 
1 2 3
1 3 7
1 4 5 
1 5 6 
1 6 9
1 7 34
1 8 9
1 9 56
1 10 11
1 11 32
1 12 9
1 13 5 
1 14 8 
2 3 3
2 4 5
2 5 6
2 6 9
2 7 34
2 8 9
2 9 56
2 10 11
2 11 32
2 12 9
2 13 5
2 14 8
3 4 5
3 5 6
3 6 9
3 7 34
3 8 99
3 9 56
3 10 11
3 11 32
3 12 9
3 13 5
3 14 8
4 5 6
4 6 9
4 7 34
4 8 99
4 9 56
4 10 11
4 11 32
4 12 9
4 13 5
4 14 8
5 6 9
5 7 34
5 8 996
5 9 56
5 10 11
5 11 325
5 12 9
5 13 5
5 14 84
6 7 34
6 8 9
6 9 56
6 10 11
6 11 32
6 12 93
6 13 5
6 14 83
7 8 9 
7 9 56
7 10 11
7 11 32
7 12 92
7 13 52
7 14 8
8 9 56
8 10 11
8 11 32
8 12 9
8 13 52
8 14 8
9 10 11
9 11 32
9 12 9
9 13 5
9 14 82
10 11 32
10 12 91
10 13 5
10 14 8
11 12 9
11 13 5
11 14 87
12 13 5
12 14 85
13 14 8